0.1
                                                                          
[3, 3, 1, 1, 3, 3, 1, 1, 3, 3, 1, 1, 3, 3, 1, 1, 2, 2, 3, 3]
[2, 3, 1, 2, 2, 3, 1, 2, 1, 3, 3, 1, 3, 2, 1, 2, 3, 2, 1, 3]
[2, 3, 1, 1, 3, 3, 1, 2, 1, 3, 3, 3, 3, 2, 1, 2, 3, 2, 1, 3]
0.5
0.55
12

0.2
                                                                          
[3, 3, 1, 1, 3, 3, 1, 1, 3, 3, 1, 1, 3, 3, 1, 1, 2, 2, 3, 3]
[2, 3, 1, 2, 2, 3, 1, 2, 1, 3, 3, 1, 3, 2, 1, 2, 3, 2, 1, 3]
[3, 3, 1, 2, 3, 3, 1, 2, 1, 3, 3, 3, 3, 3, 1, 2, 3, 2, 1, 3]
0.5
0.6
12

0.3
                                                                          
[3, 3, 1, 1, 3, 3, 1, 1, 3, 3, 1, 1, 3, 3, 1, 1, 2, 2, 3, 3]
[2, 3, 1, 2, 2, 3, 1, 2, 1, 3, 3, 1, 3, 2, 1, 2, 3, 2, 1, 3]
[3, 3, 3, 2, 3, 3, 2, 2, 1, 3, 3, 3, 3, 2, 1, 2, 3, 1, 1, 3]
0.5
0.4
3
7
12
18

0.4
                                                                          
[3, 3, 1, 1, 3, 3, 1, 1, 3, 3, 1, 1, 3, 3, 1, 1, 2, 2, 3, 3]
[2, 3, 1, 2, 2, 3, 1, 2, 1, 3, 3, 1, 3, 2, 1, 2, 3, 2, 1, 3]
[3, 3, 3, 2, 3, 3, 2, 2, 1, 3, 3, 3, 3, 2, 1, 2, 3, 2, 1, 3]
0.5
0.45
3
7
12

0.5
                                                                          
[3, 3, 1, 1, 3, 3, 1, 1, 3, 3, 1, 1, 3, 3, 1, 1, 2, 2, 3, 3]
[2, 3, 1, 2, 2, 3, 1, 2, 1, 3, 3, 1, 3, 2, 1, 2, 3, 2, 1, 3]
[3, 3, 3, 2, 3, 3, 2, 2, 1, 3, 3, 3, 3, 3, 1, 2, 3, 2, 1, 3]
0.5
0.5
3
7
12

0.6
                                                                          
[3, 3, 1, 1, 3, 3, 1, 1, 3, 3, 1, 1, 3, 3, 1, 1, 2, 2, 3, 3]
[2, 3, 1, 2, 2, 3, 1, 2, 1, 3, 3, 1, 3, 2, 1, 2, 3, 2, 1, 3]
[3, 3, 3, 2, 3, 3, 2, 2, 1, 3, 3, 3, 3, 3, 1, 2, 3, 2, 1, 3]
0.5
0.5
3
7
12

0.7
                                                                          
[3, 3, 1, 1, 3, 3, 1, 1, 3, 3, 1, 1, 3, 3, 1, 1, 2, 2, 3, 3]
[2, 3, 1, 2, 2, 3, 1, 2, 1, 3, 3, 1, 3, 2, 1, 2, 3, 2, 1, 3]
[3, 3, 3, 2, 3, 3, 2, 2, 1, 3, 3, 3, 3, 2, 1, 2, 3, 2, 1, 3]
0.5
0.45
3
7
12

0.8
                                                                          
[3, 3, 1, 1, 3, 3, 1, 1, 3, 3, 1, 1, 3, 3, 1, 1, 2, 2, 3, 3]
[2, 3, 1, 2, 2, 3, 1, 2, 1, 3, 3, 1, 3, 2, 1, 2, 3, 2, 1, 3]
[3, 3, 3, 2, 3, 3, 1, 2, 1, 3, 3, 3, 3, 2, 1, 2, 3, 2, 1, 3]
0.5
0.5
3
12

0.9
                                                                          
[3, 3, 1, 1, 3, 3, 1, 1, 3, 3, 1, 1, 3, 3, 1, 1, 2, 2, 3, 3]
[2, 3, 1, 2, 2, 3, 1, 2, 1, 3, 3, 1, 3, 2, 1, 2, 3, 2, 1, 3]
[3, 3, 3, 2, 3, 3, 1, 2, 2, 3, 3, 3, 3, 2, 1, 2, 3, 2, 1, 3]
0.5
0.5
3
12

1.0
                                                                          
[3, 3, 1, 1, 3, 3, 1, 1, 3, 3, 1, 1, 3, 3, 1, 1, 2, 2, 3, 3]
[2, 3, 1, 2, 2, 3, 1, 2, 1, 3, 3, 1, 3, 2, 1, 2, 3, 2, 1, 3]
[3, 1, 3, 2, 3, 3, 1, 2, 1, 3, 3, 3, 3, 2, 1, 2, 3, 1, 1, 3]
0.5
0.4
2
3
12
18
